MNIST Classification Report (FCNN)
==================================================
              precision    recall  f1-score   support

           0       0.98      0.99      0.99       980
           1       0.98      0.99      0.99      1135
           2       0.98      0.96      0.97      1032
           3       0.95      0.98      0.97      1010
           4       0.95      0.98      0.96       982
           5       0.96      0.96      0.96       892
           6       0.97      0.97      0.97       958
           7       0.97      0.97      0.97      1028
           8       0.97      0.96      0.96       974
           9       0.98      0.93      0.95      1009

    accuracy                           0.97     10000
   macro avg       0.97      0.97      0.97     10000
weighted avg       0.97      0.97      0.97     10000
